pawnScoreArr = [0.0, 0.0, 0.0, 0.0, 0.0, 0.0, 0.0, 0.0, -0.31, 0.08, -0.07, -0.37, -0.36, -0.14, 0.03, -0.31, -0.22, 0.09, 0.05, -0.11, -0.1, -0.02, 0.03, -0.19, -0.26, 0.03, 0.1, 0.09, 0.06, 0.01, 0.0, -0.23, -0.17, 0.16, -0.02, 0.15, 0.14, 0.0, 0.15, -0.13, 0.07, 0.29, 0.21, 0.44, 0.4, 0.31, 0.44, 0.07, 0.78, 0.8300000000000001, 0.86, 0.73, 1.02, 0.8200000000000001, 0.85, 0.9, 0.0, 0.0, 0.0, 0.0, 0.0, 0.0, 0.0, 0.0];

bishopScoreArr = [-0.07, 0.2, -0.15, -0.12, -0.14, -0.15,  -0.10, -0.10, 0.19,  0.20,  0.11,  0.6,   0.07,  0.06,   0.20,  0.16, 0.14,  0.25,  0.24,  0.15,  0.08,  0.25,   0.20,  0.15, 0.13,  0.10,  0.17,  0.23,  0.17,  0.16,   0.0,   0.07, 0.25,  0.17,  0.20,  0.34,  0.26,  0.25,   0.15,  0.10, -0.9,  0.39,  -0.32, 0.41,  0.52,  -0.10,  0.28,  -0.14, -0.11, 0.20,  0.35,  -0.42, -0.39, 0.31,   0.02,  -0.22, -0.59, -0.78, -0.82, -0.76, -0.23, -0.907, -0.37, -0.50 ];

knightScoreArr = [ -0.0525, 0.015, -0.11249999999999999, -0.09, -0.105, -0.11249999999999999, -0.075, -0.075, 0.1425, 0.15, 0.08249999999999999, 0.045, 0.0525, 0.045, 0.15, 0.12, 0.105, 0.1875, 0.18, 0.11249999999999999, 0.06, 0.1875, 0.15, 0.11249999999999999, 0.0975, 0.075, 0.1275, 0.1725, 0.1275, 0.12, 0.0, 0.0525, 0.1875, 0.1275, 0.15, 0.255, 0.195, 0.1875, 0.11249999999999999, 0.075, -0.0675, 0.2925, -0.24, 0.3075, 0.39, -0.075, 0.21, -0.105, -0.08249999999999999, 0.15, 0.2625, -0.315, -0.2925, 0.23249999999999998, 0.015, -0.16499999999999998, -0.4425, -0.585, -0.615, -0.57, -0.1725, -0.8025, -0.27749999999999997, -0.375];

rookScoreArr = [-0.25, -0.2, -0.15, 0.041666666666666664, -0.016666666666666666, -0.15, -0.2583333333333333, -0.26666666666666666, -0.44166666666666665, -0.31666666666666665, -0.2583333333333333, -0.21666666666666667, -0.24166666666666667, -0.35833333333333334, -0.36666666666666664, -0.44166666666666665, -0.35, -0.23333333333333334, -0.35, -0.20833333333333334, -0.20833333333333334, -0.2916666666666667, -0.21666666666666667, -0.3833333333333333, -0.23333333333333334, -0.2916666666666667, -0.13333333333333333, -0.175, -0.10833333333333334, -0.24166666666666667, -0.3833333333333333, -0.25, 0.0, 0.041666666666666664, 0.13333333333333333, 0.10833333333333334, 0.15, -0.03333333333333333, -0.075, -0.05, 0.15833333333333333, 0.2916666666666667, 0.23333333333333334, 0.275, 0.375, 0.225, 0.20833333333333334, 0.125, 0.4583333333333333, 0.24166666666666667, 0.4666666666666667, 0.5583333333333333, 0.4583333333333333, 0.5166666666666666, 0.2833333333333333, 0.5, 0.2916666666666667, 0.24166666666666667, 0.275, 0.03333333333333333, 0.30833333333333335, 0.275, 0.4666666666666667, 0.4166666666666667];

queenScoreArr = [-0.2925, -0.22499999999999998, -0.23249999999999998, -0.0975, -0.23249999999999998, -0.27, -0.255, -0.315, -0.27, -0.135, 0.0, -0.1425, -0.11249999999999999, -0.11249999999999999, -0.1575, -0.285, -0.22499999999999998, -0.045, -0.0975, -0.08249999999999999, -0.12, -0.08249999999999999, -0.12, -0.20249999999999999, -0.105, -0.11249999999999999, -0.015, -0.0375, -0.0075, -0.075, -0.15, -0.16499999999999998, 0.0075, -0.12, 0.16499999999999998, 0.1275, 0.1875, 0.15, -0.0975, -0.045, -0.015, 0.3225, 0.24, 0.44999999999999996, 0.54, 0.4725, 0.3225, 0.015, 0.105, 0.24, 0.44999999999999996, -0.075, 0.15, 0.57, 0.4275, 0.18, 0.045, 0.0075, -0.06, -0.78, 0.5175, 0.18, 0.6599999999999999, 0.195];

kingScoreArr = [0.17, 0.3, -0.03, -0.14, 0.06, -0.01, 0.4, 0.18, -0.04, 0.03, -0.14, -0.5, -0.5700000000000001, -0.18, 0.13, 0.04, -0.47000000000000003, -0.42, -0.43, -0.79, -0.64, -0.32, -0.29, -0.32, -0.55, -0.43, -0.52, -0.28, -0.51, -0.47000000000000003, -0.08, -0.5, -0.55, 0.5, 0.11, -0.04, -0.19, 0.13, 0.0, -0.49, -0.62, 0.12, -0.5700000000000001, 0.44, -0.67, 0.28, 0.37, -0.31, -0.32, 0.1, 0.55, 0.56, 0.56, 0.55, 0.1, 0.03, 0.04, 0.54, 0.47000000000000003, -0.99, -0.99, 0.6, 0.8300000000000001, -0.62];
